<html>
<head><meta charset="utf-8" /></head>
<body>
    <div>                        <script type="text/javascript">window.PlotlyConfig = {MathJaxConfig: 'local'};</script>
        <script charset="utf-8" src="https://cdn.plot.ly/plotly-2.26.0.min.js"></script>                <div id="189c0984-58d6-41b4-be2a-67bdddcaf240" class="plotly-graph-div" style="height:400px; width:600px;"></div>            <script type="text/javascript">                                    window.PLOTLYENV=window.PLOTLYENV || {};                                    if (document.getElementById("189c0984-58d6-41b4-be2a-67bdddcaf240")) {                    Plotly.newPlot(                        "189c0984-58d6-41b4-be2a-67bdddcaf240",                        [{"coloraxis":"coloraxis","name":"0","x":["id","minutes","contributor_id","n_steps","n_ingredients","user_id","recipe_id","rating","average_rating","calories(number)","total_fat(PDV)","sugar(PDV)","sodium(PDV)","protein(PDV)","saturated_fat(PDV)","carbohydrates(PDV)","average_step_length","total_fat(proportion)","sugar(proportion)","sodium(proportion)","protein(proportion)","saturated_fat(proportion)","carbohydrates(proportion)","n_steps_average_step_length"],"y":["id","minutes","contributor_id","n_steps","n_ingredients","user_id","recipe_id","rating","average_rating","calories(number)","total_fat(PDV)","sugar(PDV)","sodium(PDV)","protein(PDV)","saturated_fat(PDV)","carbohydrates(PDV)","average_step_length","total_fat(proportion)","sugar(proportion)","sodium(proportion)","protein(proportion)","saturated_fat(proportion)","carbohydrates(proportion)","n_steps_average_step_length"],"z":[[1.0,-0.053229627678332614,0.2132017331181402,0.06152304709196303,-0.031493087992161134,0.4021239018462402,1.0,-0.0065935554706550254,-0.011703364944425235,-0.00530252164686672,0.007353058375799511,0.0037268470976106164,0.01807127284485376,-0.04139971522497673,0.006921481362127041,-0.016812495693852958,0.04055268377671816,-0.05555954378224621,0.006522263624864762,0.0880072672945227,-0.03994852529249355,-0.042564928410377574,0.006552432334659418,0.074193548735309],[-0.053229627678332614,1.0,-0.027753738307546388,0.10141516533213467,0.081677478424644,-0.01726339043548002,-0.05322962767833263,0.008125855356787242,0.013390261132493888,0.10822900005124376,0.10916542880873856,0.08499490377043849,0.10772057494021,0.11671468262379818,0.1250326962958688,0.024582382617796137,0.020894796117843617,-0.04516636738336265,-0.01880988121694289,0.04595650384157281,0.08836731292499857,-0.052700303910534194,-0.05660622558670483,0.09842959395313305],[0.2132017331181402,-0.027753738307546388,1.0,0.027255455501031898,0.011162832348873023,0.12588771830876255,0.2132017331181402,-0.03148492171503485,-0.051933869095110025,0.01288568506387791,0.01654294752308123,-0.006457449265450608,-0.008739605829170058,-0.00434940324321559,0.00014651946022399364,0.004171777637729662,0.029060877256100067,-0.012895014384887217,0.02859435291074996,-0.01637327654524132,0.0035744024499209685,-0.040281982082313816,0.019678096023886885,0.046063925492485544],[0.06152304709196303,0.10141516533213467,0.027255455501031898,1.0,0.4310700893863074,0.04339719821739607,0.06152304709196304,-0.02844242885310052,-0.04691816245640368,0.12362159961090352,0.09239849706511902,0.07375409541477626,-0.004490489074149154,0.12224090620118093,0.061701944733051045,0.09425483841347938,0.06230838264813507,0.06915550314156092,-0.009424797644901547,-0.07099614028601747,-0.05444108678798145,0.1347835989591466,-0.03505098478526041,0.8841589515083765],[-0.031493087992161134,0.081677478424644,0.011162832348873023,0.4310700893863074,1.0,-0.03797356129547766,-0.031493087992161134,-0.01473157670467483,-0.02497551485589555,0.13784540398751036,0.0733915017501415,0.07018094364401646,0.004829634653261792,0.23459695209206058,0.006420153615585327,0.13565729834514612,0.13608140790719966,0.0960060852174835,-0.05689717370755921,-0.016125673741097617,0.06662161576197644,0.023857388609914147,-0.06940017771678202,0.407319397496721],[0.4021239018462402,-0.01726339043548002,0.12588771830876255,0.04339719821739607,-0.03797356129547766,1.0,0.4021239018462403,-0.08506378125784089,-0.02303054450617502,0.0267713707558155,0.015118043089487035,0.03167794908063224,0.04728469752269934,-0.026041334799885386,0.011509041154750028,0.04467493101814821,0.035244391402576604,-0.04316417593544346,-0.014605034472345152,0.10893549455386842,-0.07278910227829218,-0.005777838069263917,0.015036993377593656,0.058310452150508625],[1.0,-0.05322962767833263,0.2132017331181402,0.06152304709196304,-0.031493087992161134,0.4021239018462403,1.0,-0.0065935554706550254,-0.011703364944425235,-0.00530252164686672,0.007353058375799511,0.0037268470976106164,0.01807127284485376,-0.04139971522497673,0.006921481362127041,-0.016812495693852958,0.04055268377671816,-0.05555954378224621,0.006522263624864762,0.0880072672945227,-0.03994852529249355,-0.042564928410377574,0.006552432334659418,0.074193548735309],[-0.0065935554706550254,0.008125855356787242,-0.03148492171503485,-0.02844242885310052,-0.01473157670467483,-0.08506378125784089,-0.0065935554706550254,1.0,0.606213614600298,-0.028364364620089618,-0.021796063957251442,-0.017042020960196084,-0.0072930829652145856,-0.022723062155530546,-0.01282658905978376,-0.02209334742997656,-0.009651628938835739,-0.03768122090216785,-0.0277749634467325,0.05329015634529547,0.016596210555405864,-0.01217967647424332,0.018222757191059934,-0.03379545120690927],[-0.011703364944425235,0.013390261132493888,-0.051933869095110025,-0.04691816245640368,-0.02497551485589555,-0.02303054450617502,-0.011703364944425235,0.606213614600298,1.0,-0.04649013733024617,-0.035390583542634635,-0.028078969976206004,-0.012017582284129476,-0.038638935131670465,-0.020370272969071842,-0.036026443337921744,-0.017095325413232425,-0.061497343575100165,-0.045993597475068614,0.08785959007557068,0.02520405713839243,-0.017927629898189933,0.030268359516598346,-0.05601542673769558],[-0.00530252164686672,0.10822900005124376,0.01288568506387791,0.12362159961090352,0.13784540398751036,0.0267713707558155,-0.00530252164686672,-0.028364364620089618,-0.04649013733024617,1.0,0.9076057961988456,0.49439201073325467,0.11700139677986697,0.49251678500357754,0.8321163432040556,0.625892601866018,-0.026503999778289915,0.20713677650746137,-0.07616587081179732,-0.08820806527929541,-0.048500622560317196,0.19141861070778854,-0.06379459937535717,0.08621901509046065],[0.007353058375799511,0.10916542880873856,0.01654294752308123,0.09239849706511902,0.0733915017501415,0.015118043089487035,0.007353058375799511,-0.021796063957251442,-0.035390583542634635,0.9076057961988456,1.0,0.21049611407998087,0.09038371744409446,0.3135227709475114,0.9339311416791032,0.2591056235086871,-0.040132887150097794,0.30969721284850515,-0.13037692890131405,-0.07680996702964986,-0.06828105996626978,0.2715014922900134,-0.14667545664178086,0.05847116369677926],[0.0037268470976106164,0.08499490377043849,-0.006457449265450608,0.07375409541477626,0.07018094364401646,0.03167794908063224,0.0037268470976106164,-0.017042020960196084,-0.028078969976206004,0.49439201073325467,0.21049611407998087,1.0,0.11181521659152012,0.11916683083587998,0.2065480329822847,0.8284712756261214,-0.0013623640668677813,-0.19337507710379853,0.4114438897661444,-0.15674578662805863,-0.2958900399438637,-0.12531827435808227,-0.028431794818024443,0.05137775472798219],[0.01807127284485376,0.10772057494021,-0.008739605829170058,-0.004490489074149154,0.004829634653261792,0.04728469752269934,0.01807127284485376,-0.0072930829652145856,-0.012017582284129476,0.11700139677986697,0.09038371744409446,0.11181521659152012,1.0,0.076327803510782,0.09140319248348008,0.10557895063523433,0.0373809535391004,-0.10176873566055415,-0.11673084961596168,0.4214765744575079,-0.07805971349211344,-0.08737211152650601,-0.10574140106717408,0.019592009032286375],[-0.04139971522497673,0.11671468262379818,-0.00434940324321559,0.12224090620118093,0.23459695209206058,-0.026041334799885386,-0.04139971522497673,-0.022723062155530546,-0.038638935131670465,0.49251678500357754,0.3135227709475114,0.11916683083587998,0.076327803510782,1.0,0.2228211332460276,0.34484476650514123,0.01100387200265542,0.14211843847631528,-0.37680441781867896,0.03884640845340166,0.5127907183913933,0.11562308314323122,-0.16611516346155453,0.10398691054112891],[0.006921481362127041,0.1250326962958688,0.00014651946022399364,0.061701944733051045,0.006420153615585327,0.011509041154750028,0.006921481362127041,-0.01282658905978376,-0.020370272969071842,0.8321163432040556,0.9339311416791032,0.2065480329822847,0.09140319248348008,0.2228211332460276,1.0,0.2249476115718424,-0.048537170531545604,0.16209962785655332,-0.08938104828431176,-0.06575009660939397,-0.07449483400367454,0.2801435954848401,-0.11543790093730133,0.035912019643870245],[-0.016812495693852958,0.024582382617796137,0.004171777637729662,0.09425483841347938,0.13565729834514612,0.04467493101814821,-0.016812495693852958,-0.02209334742997656,-0.036026443337921744,0.625892601866018,0.2591056235086871,0.8284712756261214,0.10557895063523433,0.34484476650514123,0.2249476115718424,1.0,0.008461775871515332,-0.1303486653705552,0.1817220761074521,-0.08322194741764417,-0.14555828270854831,-0.08923532904957347,0.17697490049982179,0.07165988584242357],[0.04055268377671816,0.020894796117843617,0.029060877256100067,0.06230838264813507,0.13608140790719966,0.035244391402576604,0.04055268377671816,-0.009651628938835739,-0.017095325413232425,-0.026503999778289915,-0.040132887150097794,-0.0013623640668677813,0.0373809535391004,0.01100387200265542,-0.048537170531545604,0.008461775871515332,1.0,-0.005002431089894667,0.026375309090391007,0.01350813906213011,-0.0016422015139295918,-0.06006616073421291,-0.007064918176347075,0.41713654912520426],[-0.05555954378224621,-0.04516636738336265,-0.012895014384887217,0.06915550314156092,0.0960060852174835,-0.04316417593544346,-0.05555954378224621,-0.03768122090216785,-0.061497343575100165,0.20713677650746137,0.30969721284850515,-0.19337507710379853,-0.10176873566055415,0.14211843847631528,0.16209962785655332,-0.1303486653705552,-0.005002431089894667,1.0,-0.49553528239105477,-0.22052999427829617,0.04958129470916659,0.6043662820448726,-0.30933522929481727,0.044502815336831265],[0.006522263624864762,-0.01880988121694289,0.02859435291074996,-0.009424797644901547,-0.05689717370755921,-0.014605034472345152,0.006522263624864762,-0.0277749634467325,-0.045993597475068614,-0.07616587081179732,-0.13037692890131405,0.4114438897661444,-0.11673084961596168,-0.37680441781867896,-0.08938104828431176,0.1817220761074521,0.026375309090391007,-0.49553528239105477,1.0,-0.4407343604882963,-0.5687274642531386,-0.4451265058849441,0.06402489796426448,-0.0058812412019706335],[0.0880072672945227,0.04595650384157281,-0.01637327654524132,-0.07099614028601747,-0.016125673741097617,0.10893549455386842,0.0880072672945227,0.05329015634529547,0.08785959007557068,-0.08820806527929541,-0.07680996702964986,-0.15674578662805863,0.4214765744575079,0.03884640845340166,-0.06575009660939397,-0.08322194741764417,0.01350813906213011,-0.22052999427829617,-0.4407343604882963,1.0,0.04397983500241725,-0.24341199588765644,-0.07857285019661085,-0.026968213607887835],[-0.03994852529249355,0.08836731292499857,0.0035744024499209685,-0.05444108678798145,0.06662161576197644,-0.07278910227829218,-0.03994852529249355,0.016596210555405864,0.02520405713839243,-0.048500622560317196,-0.06828105996626978,-0.2958900399438637,-0.07805971349211344,0.5127907183913933,-0.07449483400367454,-0.14555828270854831,-0.0016422015139295918,0.04958129470916659,-0.5687274642531386,0.04397983500241725,1.0,-0.07461705462970197,0.022134934032904487,-0.05023992400970134],[-0.042564928410377574,-0.052700303910534194,-0.040281982082313816,0.1347835989591466,0.023857388609914147,-0.005777838069263917,-0.042564928410377574,-0.01217967647424332,-0.017927629898189933,0.19141861070778854,0.2715014922900134,-0.12531827435808227,-0.08737211152650601,0.11562308314323122,0.2801435954848401,-0.08923532904957347,-0.06006616073421291,0.6043662820448726,-0.4451265058849441,-0.24341199588765644,-0.07461705462970197,1.0,-0.3538009631725385,0.08580837404803694],[0.006552432334659418,-0.05660622558670483,0.019678096023886885,-0.03505098478526041,-0.06940017771678202,0.015036993377593656,0.006552432334659418,0.018222757191059934,0.030268359516598346,-0.06379459937535717,-0.14667545664178086,-0.028431794818024443,-0.10574140106717408,-0.16611516346155453,-0.11543790093730133,0.17697490049982179,-0.007064918176347075,-0.30933522929481727,0.06402489796426448,-0.07857285019661085,0.022134934032904487,-0.3538009631725385,1.0,-0.035055480352381506],[0.074193548735309,0.09842959395313305,0.046063925492485544,0.8841589515083765,0.407319397496721,0.058310452150508625,0.074193548735309,-0.03379545120690927,-0.05601542673769558,0.08621901509046065,0.05847116369677926,0.05137775472798219,0.019592009032286375,0.10398691054112891,0.035912019643870245,0.07165988584242357,0.41713654912520426,0.044502815336831265,-0.0058812412019706335,-0.026968213607887835,-0.05023992400970134,0.08580837404803694,-0.035055480352381506,1.0]],"type":"heatmap","xaxis":"x","yaxis":"y","hovertemplate":"x: %{x}\u003cbr\u003ey: %{y}\u003cbr\u003ecolor: %{z}\u003cextra\u003e\u003c\u002fextra\u003e"}],                        {"template":{"data":{"barpolar":[{"marker":{"line":{"color":"white","width":0.5},"pattern":{"fillmode":"overlay","size":10,"solidity":0.2}},"type":"barpolar"}],"bar":[{"error_x":{"color":"rgb(36,36,36)"},"error_y":{"color":"rgb(36,36,36)"},"marker":{"line":{"color":"white","width":0.5},"pattern":{"fillmode":"overlay","size":10,"solidity":0.2}},"type":"bar"}],"carpet":[{"aaxis":{"endlinecolor":"rgb(36,36,36)","gridcolor":"white","linecolor":"white","minorgridcolor":"white","startlinecolor":"rgb(36,36,36)"},"baxis":{"endlinecolor":"rgb(36,36,36)","gridcolor":"white","linecolor":"white","minorgridcolor":"white","startlinecolor":"rgb(36,36,36)"},"type":"carpet"}],"choropleth":[{"colorbar":{"outlinewidth":1,"tickcolor":"rgb(36,36,36)","ticks":"outside"},"type":"choropleth"}],"contourcarpet":[{"colorbar":{"outlinewidth":1,"tickcolor":"rgb(36,36,36)","ticks":"outside"},"type":"contourcarpet"}],"contour":[{"colorbar":{"outlinewidth":1,"tickcolor":"rgb(36,36,36)","ticks":"outside"},"colorscale":[[0.0,"#440154"],[0.1111111111111111,"#482878"],[0.2222222222222222,"#3e4989"],[0.3333333333333333,"#31688e"],[0.4444444444444444,"#26828e"],[0.5555555555555556,"#1f9e89"],[0.6666666666666666,"#35b779"],[0.7777777777777778,"#6ece58"],[0.8888888888888888,"#b5de2b"],[1.0,"#fde725"]],"type":"contour"}],"heatmapgl":[{"colorbar":{"outlinewidth":1,"tickcolor":"rgb(36,36,36)","ticks":"outside"},"colorscale":[[0.0,"#440154"],[0.1111111111111111,"#482878"],[0.2222222222222222,"#3e4989"],[0.3333333333333333,"#31688e"],[0.4444444444444444,"#26828e"],[0.5555555555555556,"#1f9e89"],[0.6666666666666666,"#35b779"],[0.7777777777777778,"#6ece58"],[0.8888888888888888,"#b5de2b"],[1.0,"#fde725"]],"type":"heatmapgl"}],"heatmap":[{"colorbar":{"outlinewidth":1,"tickcolor":"rgb(36,36,36)","ticks":"outside"},"colorscale":[[0.0,"#440154"],[0.1111111111111111,"#482878"],[0.2222222222222222,"#3e4989"],[0.3333333333333333,"#31688e"],[0.4444444444444444,"#26828e"],[0.5555555555555556,"#1f9e89"],[0.6666666666666666,"#35b779"],[0.7777777777777778,"#6ece58"],[0.8888888888888888,"#b5de2b"],[1.0,"#fde725"]],"type":"heatmap"}],"histogram2dcontour":[{"colorbar":{"outlinewidth":1,"tickcolor":"rgb(36,36,36)","ticks":"outside"},"colorscale":[[0.0,"#440154"],[0.1111111111111111,"#482878"],[0.2222222222222222,"#3e4989"],[0.3333333333333333,"#31688e"],[0.4444444444444444,"#26828e"],[0.5555555555555556,"#1f9e89"],[0.6666666666666666,"#35b779"],[0.7777777777777778,"#6ece58"],[0.8888888888888888,"#b5de2b"],[1.0,"#fde725"]],"type":"histogram2dcontour"}],"histogram2d":[{"colorbar":{"outlinewidth":1,"tickcolor":"rgb(36,36,36)","ticks":"outside"},"colorscale":[[0.0,"#440154"],[0.1111111111111111,"#482878"],[0.2222222222222222,"#3e4989"],[0.3333333333333333,"#31688e"],[0.4444444444444444,"#26828e"],[0.5555555555555556,"#1f9e89"],[0.6666666666666666,"#35b779"],[0.7777777777777778,"#6ece58"],[0.8888888888888888,"#b5de2b"],[1.0,"#fde725"]],"type":"histogram2d"}],"histogram":[{"marker":{"line":{"color":"white","width":0.6}},"type":"histogram"}],"mesh3d":[{"colorbar":{"outlinewidth":1,"tickcolor":"rgb(36,36,36)","ticks":"outside"},"type":"mesh3d"}],"parcoords":[{"line":{"colorbar":{"outlinewidth":1,"tickcolor":"rgb(36,36,36)","ticks":"outside"}},"type":"parcoords"}],"pie":[{"automargin":true,"type":"pie"}],"scatter3d":[{"line":{"colorbar":{"outlinewidth":1,"tickcolor":"rgb(36,36,36)","ticks":"outside"}},"marker":{"colorbar":{"outlinewidth":1,"tickcolor":"rgb(36,36,36)","ticks":"outside"}},"type":"scatter3d"}],"scattercarpet":[{"marker":{"colorbar":{"outlinewidth":1,"tickcolor":"rgb(36,36,36)","ticks":"outside"}},"type":"scattercarpet"}],"scattergeo":[{"marker":{"colorbar":{"outlinewidth":1,"tickcolor":"rgb(36,36,36)","ticks":"outside"}},"type":"scattergeo"}],"scattergl":[{"marker":{"colorbar":{"outlinewidth":1,"tickcolor":"rgb(36,36,36)","ticks":"outside"}},"type":"scattergl"}],"scattermapbox":[{"marker":{"colorbar":{"outlinewidth":1,"tickcolor":"rgb(36,36,36)","ticks":"outside"}},"type":"scattermapbox"}],"scatterpolargl":[{"marker":{"colorbar":{"outlinewidth":1,"tickcolor":"rgb(36,36,36)","ticks":"outside"}},"type":"scatterpolargl"}],"scatterpolar":[{"marker":{"colorbar":{"outlinewidth":1,"tickcolor":"rgb(36,36,36)","ticks":"outside"}},"type":"scatterpolar"}],"scatter":[{"fillpattern":{"fillmode":"overlay","size":10,"solidity":0.2},"type":"scatter"}],"scatterternary":[{"marker":{"colorbar":{"outlinewidth":1,"tickcolor":"rgb(36,36,36)","ticks":"outside"}},"type":"scatterternary"}],"surface":[{"colorbar":{"outlinewidth":1,"tickcolor":"rgb(36,36,36)","ticks":"outside"},"colorscale":[[0.0,"#440154"],[0.1111111111111111,"#482878"],[0.2222222222222222,"#3e4989"],[0.3333333333333333,"#31688e"],[0.4444444444444444,"#26828e"],[0.5555555555555556,"#1f9e89"],[0.6666666666666666,"#35b779"],[0.7777777777777778,"#6ece58"],[0.8888888888888888,"#b5de2b"],[1.0,"#fde725"]],"type":"surface"}],"table":[{"cells":{"fill":{"color":"rgb(237,237,237)"},"line":{"color":"white"}},"header":{"fill":{"color":"rgb(217,217,217)"},"line":{"color":"white"}},"type":"table"}]},"layout":{"annotationdefaults":{"arrowhead":0,"arrowwidth":1},"autotypenumbers":"strict","coloraxis":{"colorbar":{"outlinewidth":1,"tickcolor":"rgb(36,36,36)","ticks":"outside"}},"colorscale":{"diverging":[[0.0,"rgb(103,0,31)"],[0.1,"rgb(178,24,43)"],[0.2,"rgb(214,96,77)"],[0.3,"rgb(244,165,130)"],[0.4,"rgb(253,219,199)"],[0.5,"rgb(247,247,247)"],[0.6,"rgb(209,229,240)"],[0.7,"rgb(146,197,222)"],[0.8,"rgb(67,147,195)"],[0.9,"rgb(33,102,172)"],[1.0,"rgb(5,48,97)"]],"sequential":[[0.0,"#440154"],[0.1111111111111111,"#482878"],[0.2222222222222222,"#3e4989"],[0.3333333333333333,"#31688e"],[0.4444444444444444,"#26828e"],[0.5555555555555556,"#1f9e89"],[0.6666666666666666,"#35b779"],[0.7777777777777778,"#6ece58"],[0.8888888888888888,"#b5de2b"],[1.0,"#fde725"]],"sequentialminus":[[0.0,"#440154"],[0.1111111111111111,"#482878"],[0.2222222222222222,"#3e4989"],[0.3333333333333333,"#31688e"],[0.4444444444444444,"#26828e"],[0.5555555555555556,"#1f9e89"],[0.6666666666666666,"#35b779"],[0.7777777777777778,"#6ece58"],[0.8888888888888888,"#b5de2b"],[1.0,"#fde725"]]},"colorway":["#1F77B4","#FF7F0E","#2CA02C","#D62728","#9467BD","#8C564B","#E377C2","#7F7F7F","#BCBD22","#17BECF"],"font":{"color":"rgb(36,36,36)"},"geo":{"bgcolor":"white","lakecolor":"white","landcolor":"white","showlakes":true,"showland":true,"subunitcolor":"white"},"hoverlabel":{"align":"left"},"hovermode":"closest","mapbox":{"style":"light"},"paper_bgcolor":"white","plot_bgcolor":"white","polar":{"angularaxis":{"gridcolor":"rgb(232,232,232)","linecolor":"rgb(36,36,36)","showgrid":false,"showline":true,"ticks":"outside"},"bgcolor":"white","radialaxis":{"gridcolor":"rgb(232,232,232)","linecolor":"rgb(36,36,36)","showgrid":false,"showline":true,"ticks":"outside"}},"scene":{"xaxis":{"backgroundcolor":"white","gridcolor":"rgb(232,232,232)","gridwidth":2,"linecolor":"rgb(36,36,36)","showbackground":true,"showgrid":false,"showline":true,"ticks":"outside","zeroline":false,"zerolinecolor":"rgb(36,36,36)"},"yaxis":{"backgroundcolor":"white","gridcolor":"rgb(232,232,232)","gridwidth":2,"linecolor":"rgb(36,36,36)","showbackground":true,"showgrid":false,"showline":true,"ticks":"outside","zeroline":false,"zerolinecolor":"rgb(36,36,36)"},"zaxis":{"backgroundcolor":"white","gridcolor":"rgb(232,232,232)","gridwidth":2,"linecolor":"rgb(36,36,36)","showbackground":true,"showgrid":false,"showline":true,"ticks":"outside","zeroline":false,"zerolinecolor":"rgb(36,36,36)"}},"shapedefaults":{"fillcolor":"black","line":{"width":0},"opacity":0.3},"ternary":{"aaxis":{"gridcolor":"rgb(232,232,232)","linecolor":"rgb(36,36,36)","showgrid":false,"showline":true,"ticks":"outside"},"baxis":{"gridcolor":"rgb(232,232,232)","linecolor":"rgb(36,36,36)","showgrid":false,"showline":true,"ticks":"outside"},"bgcolor":"white","caxis":{"gridcolor":"rgb(232,232,232)","linecolor":"rgb(36,36,36)","showgrid":false,"showline":true,"ticks":"outside"}},"title":{"x":0.5,"xanchor":"center"},"xaxis":{"automargin":true,"gridcolor":"rgb(232,232,232)","linecolor":"rgb(36,36,36)","showgrid":true,"showline":true,"ticks":"outside","title":{"standoff":15},"zeroline":false,"zerolinecolor":"rgb(36,36,36)"},"yaxis":{"automargin":true,"gridcolor":"rgb(232,232,232)","linecolor":"rgb(36,36,36)","showgrid":true,"showline":true,"ticks":"outside","title":{"standoff":15},"zeroline":false,"zerolinecolor":"rgb(36,36,36)"},"autosize":true,"height":400,"margin":{"b":30,"l":30,"r":30,"t":30},"width":600}},"xaxis":{"anchor":"y","domain":[0.0,1.0],"scaleanchor":"y","constrain":"domain"},"yaxis":{"anchor":"x","domain":[0.0,1.0],"autorange":"reversed","constrain":"domain"},"coloraxis":{"colorscale":[[0.0,"#440154"],[0.1111111111111111,"#482878"],[0.2222222222222222,"#3e4989"],[0.3333333333333333,"#31688e"],[0.4444444444444444,"#26828e"],[0.5555555555555556,"#1f9e89"],[0.6666666666666666,"#35b779"],[0.7777777777777778,"#6ece58"],[0.8888888888888888,"#b5de2b"],[1.0,"#fde725"]]},"title":{"text":"Correlation Matrix Between Features"}},                        {"responsive": true}                    )                };                            </script>        </div>
</body>
</html>